00000000
00000000
00000000
00000000
00000000
00000000
00000000
00000000
00000000
00000000
00000000
00000000
00000000
00000000
00000000
00000000
00000000
00000000
00000000
00000000
12345678
87654321
00000001
00000010
00000100
00001000
00010000
00100000
01000000
10000000
22222222
33333333
00000000
00000000
00000000
00000000
00000000
00000000
00000000
00000000
01010101
10101010
11111111
0DDDDDDE
03333333
22222222
00000000
00000000
00000000
00000000
00000000
00000000
00000000
00000000
00000000
00000000
00000000
00000000
00000000
00000000
00000000
00000000
00000000
00000000
00000000
00000000
00000000
00000000
00000000
00000000
00000000
00000000
00000000
00000000
00000000
00000000
00000000
00000000
00000000
00000000
00001111
00002222
00003333
00004444
11110000
22220000
33330000
44440000
11111111
22222222
00000000
00000000
00000000
00000000
00000000
00000000
00000000
00000000
00000000
00000000
0000000F
000000F0
00000F00
0000F000
000F0000
00F00000
0F000000
60000001
00000000