01110000110000110000110000000000
00000000000000000000000000000000
00000000000000000000000000000000
01000000110000110000010000000000
01110001000001000001000000000000
01000001100000010000100000000000
00000000000000000000000000000000
00000000000000000000000000000000
01100001100001100000000000000000
00000000000000000000000000000000
00000000000000000000000000000000
01010001100001100000000000000000
00000000000000000000000000000000
00000000000000000000000000000000
01100001100001100000000000000000
11110001110000000000000000000000
11100001010000110000000000000000
00000000000000000000000000000000
00000000000000000000000000000000
01000001000001000001010000000000
01010000110000110000000000000000
00000000000000000000000000000000
00000000000000000000000000000000
01110010000000110001100000000000
10110000000001110000000000000000